14185438090
15875302271
14047241937
14433071473
13294201792
17702126011
14735227496
14779623907
14787973175
19489146246
12687635180
13694418619
15019262756
12239190967
13288572537
16366135429
15475389848
15233177761
15576806290
19055465021
19759998212
13583423321
16699377112
15066769834
15105181673
12829950297
16674078456
13965182124
15287056591
13952888024
13909495954
14372953568
12277996356
17033638155
16187203464
15573948274
12372571580
16234160089
15337626549
12994710213
17905482248
14692535139
15803036087
15076398400
12697710214
16458187021
14369744859
19526607350
14938854329
16973920705
17448654521
18875261105
18166309743
14967177301
12124752813
12229936707
18685748679
15573484896
19846867482
12736214883
12904728258
19376340948
18862192903
14935880950
13795105678
16838728774
19842551071
14707004107
12898001802
19405847552
16439246661
12195011353
19573389756
13426255370
15458046867
16315567533
19503356578
18982273828
12238589964
16795646626
15597303013
19148814280
18679154420
18662871485
14925833066
12079137613
13538686465
12654220213
17562451585
16136546445
12023254296
13487034941
14855117461
17552637308
13314847094
17206120875
13867233618
12795276796
16159882082
13295066824
14896404359
17502337333
18665741971
12207596377
15505638234
12047433435
17973313885
15942451413
12966267334
19642709042
14845146841
18653709991
13626135517
16454551493
17542173864
18948562757
18343979941
14719446708
16315235653
16417965813
19544656839
14595274088
17497376544
13094283603
16732025198
15379827375
18688013888
13425368964
14346995800
15928705205
12545006431
15458639447
13432846654
18542296963
17764010905
17759006751
15087883500
18458852455
17245154169
15048330287
12213826055
17284726978
19684243454
19032762482
13422560296
17465799921
16044728324
17766188497
16979721595
13636108009
13582957048
17322714703
18412368733
16659609704
15635622210
16917901999
14146102360
15889329454
18773324339
19456822322
18704184078
15318911578
17548055843
13407347745
14736668870
15599416321
13517377486
18079445075
13312311108
15849957680
16124202336
15663652984
17244545018
12583304708
13338523452
14713361380
19086958033
17552179133
12095569104
14823611676
15078432445
17575516650
14826190438
19157108448
12296370692
17902869612
19399639292
19429771422
15773241908
13329362847
19737073627
19452569006
12508773389
12428002575
13825955190
16489070381
16765424718
17884992054
13542689665
16642197607
15896470794
14005817955
18124507619
13999353041
12414879331
17494316318
14557464258
13197695920
15102847811
18105280331
12613144794
17638888849
13197767122
18192901922
13435280149
19184251133
19963982523
19152606813
12536037835
15148307475
14098874522
14405801430
18385975676
13947438537
18634985744
16412539221
19788985860
12885469036
19104265941
17656856308
12189054697
16225249045
12518641846
13973026301
19305610290
16226284107
18293282129
16846611517
16435707524
17792981073
17502851890
16428798993
12608476417
18279553683
18359604853
14192209256
15713118543
13686343634
16288893378
19578141698
17449398739
18245832740
15969597898
14745068958
15534109702
18087628400
16738613827
16825552419
18873944157
13484955708
13614732984
15946402518
17772585337
15056244088
15496705382
17317751060
12888204223
15283732255
13235919311
16775683307
15283522965
17132134598
18402091547
15435032468
16867472806
18068309034
14702391782
18172387982
16647138114
13946980304
15416412197
13193324775
13719164605
17603338276
13642243173
15986845785
14282722767
19453642315
14064291258
15632029203
18854717827
14727035348
14428150606
18146326679
18255423622
13494918327
18526618305
15807652323
17954753430
14424122229
14559949053
19702159213
17539347754
15808095600
16995586341
15175632098
17545494974
15506852006
19507585850
18005791035
14619303910
15665022279
13042734985
16323213186
18574595277
16077451300
12716907186
14216174891
16076288761
17105534963
19156478543
13078517611
14942731913
13308490179
13905259532
18642186697
18344520254
15743138061
17016903322
17564889049
16416460203
15339774552
16532234193
15775837252
15499467204
15745112911
19586480603
12377992678
12574010770
12875569513
13798590189
14384357206
14107936909
17584424528
17703416634
14707475756
15337944925
18018974113
18822061188
17712608979
14573294859
15444768227
17625329390
17608864895
17157217860
12755160118
17393058535
18718261264
14177156909
18959637039
18292865122
12665910341
16278041110
18857587148
12454187583
17479812674
14997626795
12337850192
13002639776
13648812536
18213101006
12459538871
17853351331
14256679590
17649788018
17169147405
19806695167
19953675161
18424316860
14152285866
18965842942
16454471211
14788976082
16243057485
18326620491
18073224220
18577207767
19646373820
17018190986
14136124415
17452764213
19259034716
13538044990
14303908476
15745994899
15288511226
14314534275
15174098145
16653593416
16926410313
19865932470
15562100010
19192630048
15503860381
18244926587
16106225885
14655300364
12086117229
16226342437
19947685163
19096133866
12322198339
15342004373
14012354497
17199311250
13028737447
14958873920
19784511453
19358821380
13923474943
12978552146
19847632977
19458645365
15799716174
12053745249
16808927983
19578395363
14873849325
18979422625
18743342336
17362554446
12032889014
16108250583
13573458104
19417165839
17387174554
15292467079
15538744366
13426417769
18812219219
18798206332
18035399650
16937073243
18066757594
13748390076
13182253424
18183575774
12234001302
12546702671
18595311845
17545025573
14754213822
17448800930
18142253382
15812965522
19944388868
15233025199
19206500651
15402745623
15536720336
18916632924
17108256926
12987089312
13019035539
17735085126
18848975270
13095723860
15677610356
14054705473
15127731104
14618721402
17982705753
12219794726
18968457379
16214217150
16414302788
19267484996
13655312283
12617396520
13609733055
14062723447
14092171191
18463103585
19345929485
19658020789
15526493817
12322679921
12234560378
13178049903
12723132461
16822487712
13337215300
16188216015
15914711715
16005885614
14377423009
16037231474
15078122565
15098171930
19737050346
12752336502
12883247252
16592896269
17449290205
12466107598
14516725745
15713590188
16566508767
16709565990
17263983687
15628825124
14312713769
18646236787
18169341680
14197094356
18119109072
15958433058
13335491029
16306498174
13073860669
15638215892
13703353334
13958655798
17864870951
19254614642
14374379867
16482948328
13702326119
18048697392
12556751194
13434064265
17037556241
17413270036
12937132707
14222164496
15193376022
12267239281
16832448659
19609781510
19203876311
18752689648
14968092761
14688938595
15157066736
14069866811
16885430989
16754559378
13133598684
15137436316
19857692116
16147772057
15764713593
18452823579
15778250557
13488523668
12735380859
19394730399
13996734302
14906304728
19888356154
13642911635
14318425116
13099562472
17419984710
14508602540
12659288284
19538251662
12222493640
17217813932
15162477089
17729611733
15488827923
17616279807
12889889736
19442224848
13658124001
18623008229
14546089108
16604668229
16018004691
14012758502
14602631149
19125670959
14959154391
15813434531
13832394327
16253160830
14196572881
15056280294
18899237354
18735434245
13083092445
17113955340
19257451015
16128877311
16882795299
19936607230
19208704810
19143229788
12364097307
12015284002
16766665221
17379585682
16827698039
18496066314
15524604843
15348484762
19796292447
12347742630
18432235559
18552593821
13032088011
13926908194
18208729267
14564873920
13596460184
14777300039
15878757003
12558821060
14502279273
15176038084
17989184364
14314404850
14927590676
16289776188
16035127915
12977849174
15787368134
13626651654
14118977521
16842985880
16145189179
19994496518
12207757846
19306061748
18803721770
19849578256
17585421351
17778166591
13312252784
15977321356
12882532176
17145767823
12868902998
13467227082
15447580535
14827894931
19025729557
12168192621
17857020112
12345663688
18592959462
12496760501
13033577892
15733106724
16517757797
15503741038
19822662921
13895918375
16526159196
15745219426
13739465413
13982412870
12567189878
17294458262
14924791414
13476533251
14067450713
14657523502
13849836723
13958989519
17663081115
12805055224
12183663944
12406413588
12923899787
16756884516
13659420915
19618701280
16313414747
16069972675
15108639272
17736230989
19674625065
19279473670
12239461940
16205512597
16768164305
16356945119
17192345086
16134682284
19474144334
15524472033
13884607854
12573103732
13139337587
12742917947
12774047190
14272200206
19135186719
15462606976
18413447128
14912588463
15115073129
13833038492
19274167689
14222986238
14683411667
13834327067
19042843877
15694500881
17262434127
12103764221
16433357343
15612302157
13463142510
18302135018
14117847398
18523935396
15962447319
15052701483
17062128035
17547896172
16738995628
13636191897
13802450847
13123873155
16577836096
18643475351
17266381473
17004090354
13177309563
16418627190
12773257867
15748647386
19484752483
19595133173
16418349834
13425067922
13819445882
16267743614
16817971906
14689917093
19097094425
16098261355
18206294460
13535705393
17235397124
16715108205
16182556677
19766169666
16792679229
12003067997
13814241634
18912901118
19969656125
16739616970
14946091232
13192995429
12126311219
16338623615
19557032357
18884569223
19138840066
14169396583
14622682364
19833257985
17226026585
13378405070
13057846304
18114777916
14365035565
15069988494
15377105541
14195290328
14125025736
12146473366
16573767570
18117538486
12238709396
16149858901
15102551180
13753683091
17287682782
12935408428
14292984562
17016048228
18197287603
19153761973
13936488792
12862168867
15234051128
14525166102
14289253910
16107973796
15284032026
15266623342
13182572822
16637385360
17772144491
17853351649
12718680130
17405836822
17294167612
17853217761
14745878442
15706703499
16053954388
16773363375
12875115893
19924183706
12866253127
13457881496
12004450247
12699840543
19955362003
17806497443
18594258815
12846438602
19527852221
16343109591
18907106226
14877709470
12564182756
18975086564
13275257500
15667112705
13496226860
15525475675
13895812498
18554507711
14293832488
14797066849
19684602877
15045811057
13247075394
15036706307
16952557439
13917384999
18354867583
12608464089
16279067179
16927910313
16675644772
16207139366
17548916777
18196587441
19354420973
16913788497
14697400118
12595852023
13432001260
13183193386
18044524557
17942654330
14302447094
18537375355
18136349985
18147148346
14714716991
18464681774
15013989058
15288427735
17079845790
16546049065
17637741089
19573727281
14135613412
16069975290
17303484318
18142351895
17099164160
17757271041
14969874661
15793761683
14889098818
18174598972
16286634473
12586361294
17692123225
17067440251
18622601424
18428476937
15565435620
19842128567
15567766421
12663684996
17552857220
15196681214
15308418412
17379202221
17626112438
19313634481
13303028105
13205687803
19907772650
19966727411
12698444337
15069410620
16477271160
14316013291
13235259345
18696962114
15135430268
16905604248
17924880016
16834305078
18172154072
18237096350
12639908526
12298034763
13592301233
19534584068
19309824031
16046225429
17774146657
19439807082
13219384721
16123267982
17908738191
16512750849
13424478236
19492025872
16955612549
16834789544
15972421822
12062260813
15044218220
13173938411
16758021152
12418456930
14172492085
19558864663
15536213380
14805848495
19715029892
19404089911
15828676983
18207783597
15855966181
16883186975
15845601295
14808038797
14467809733
19215486276
12328942504
13685259638
17376681695
12708761222
17919536196
12474497968
17203300965
18965080675
18153826831
16346557523
12682130307
12809354110
16487404690
13587559905
19818416047
17982730411
14178410541
14982611472
18218272912
14036320708
12934486190
17374577865
15677929110
14726071461
18789378185
16919015326
18412734822
17197384384
15984479492
13936924939
14263423218
18156796090
15165634905
15576746215
15853460725
19319253744
17609631419
17333121618
16872090605
12975526232
16384735769
14725183962
12273873428
12456902251
15398905176
14674697265
18103899226
13529888148
18246573490
14059570015
12697081393
13959953368
16435303697
12973356530
13388057983
