12055381807
14802679536
18322109014
19133120548
17755738987
13057049968
17027494912
14694700992
17027180425
19403158050
18669996480
17312566897
12026587468
19143735977
19167588644
12027704602
17023596296
17028477224
13057604895
14075152822
17023816849
18442409758
13156655113
12127773456
17024890710
17029010695
17026666232
17023310880
15712812135
14155343534
18563340593
17023835054
12542123059
16149079027
18005153807
12097276002
16193639217
17022912205
17027932227
17029973566
18138826582
17173897702
18008896573
17026338034
17025143701
17029308405
17754190330
17029330937
13102857727
17027201557
18882224227
15702071892
17328672871
16208601572
13137316523
17024874546
12014771842
17024566637
12143087010
17752382227
17314103151
18017690983
17029835905
16194890093
17023894785
18552982545
18323193990
16208600202
17025143874
15155287963
18776478552
17574472583
14692707095
13304335979
12532446151
18585244881
12283251039
17029835917
17024251452
17026230937
13103596598
17027072730
18555372421
17023894787
14259176040
17029583221
16072030224
17073462163
18323653430
15127578111
12028003000
17752348173
18669606330
17759844307
12027384405
17026592566
18622315174
17024702682
17025054976
17027811434
17199742502
13609287144
17027269513
17026285421
17024702678
18133215186
18002364300
18133669800
18669996460
17023894781
12052386074
17027180415
18773849041
17022917106
12134566756
17754320240
17027078598
17027864810
18009378942
18602375816
17203982700
17029835921
15204482370
18554027650
17029831329
12162087169
18443250807
17027180421
18505679657
17023899406
17754611270
18882482509
14013792070
17027070688
16148901031
17028796148
18447699878
17573201592
17024183011
19542481664
12092693583
17322100446
17012481143
17027518630
17025346636
12132179999
19164033480
18622312552
12024444444
17312569336
19152671132
18436194192
17028747931
17027012538
18552550621
17024307225
17028503150
17755576310
15759935805
13057049967
15625285913
17024460792
19846643933
17754192180
18002215689
13059987713
16207084298
17027070006
18442866507
17752348173
14253368439
17752856535
18447699880
18773945975
18773737652
13109294025
14805058859
19167403994
17029444115
17027180424
17755530607
15165433272
17048423066
19493962001
17028039913
18884905427
12066819680
17029705819
17029196008
16193063020
17028743403
18133823347
17204405830
18032727088
17027576728
13234004220
17026682669
18003182596
17755738318
14699147211
17029398340
18557322332
17027572488
16503725849
18888576572
17027892696
16208600784
17025143627
17022061088
17029786907
17029831332
17734234080
19032131030
19495316650
17759540410
18666314680
17028794122
17754739335
17029522031
17027180427
17754550028
18667711104
17036379245
17866071818
17029835920
18887271074
17025760050
17027818339
17024874330
13045510426
17027818337
17028547076
13054551100
17025294561
18889010293
12673285270
12028705858
17029977686
14159465707
17578195915
15154417592
17027274819
17024253497
18133214140
19035938790
14242177799
17572152332
18016562093
16177140762
18009505762
17028544773
18442835487
14153580611
18008520411
17755576327
13237413873
13477734606
17022061007
17028152394
17027035439
17024864000
17023894783
18776478551
18006131545
15612279197
17572152370
16467699056
17027073898
17024837935
17024962823
12126725973
17026026984
18013777003
12818065695
17027180419
18885289548
17862985682
17027818767
17025294322
17862755986
18888638768
15054928484
15022132798
17022669487
18775855974
17029786904
15163315981
17024795661
12242427010
17753233311
17029968302
18018924071
17023816847
17703752178
17027201623
16303184762
17022061059
17753336673
15202308405
16237480860
17164423215
17027180416
13477539404
15189351020
12095466030
14079352354
17025181988
17023894780
15184171644
17867084154
17028293311
17029835919
17024309849
17755738654
17029600968
12035490652
17023894784
18657617037
17027202409
18603195320
17025147038
17756713230
19165898603
14042392814
17022917104
17756443158
17027757757
17025671920
17027488267
14073780071
17027518623
12026576869
17028743063
14794378796
17022917056
13055872062
18003940368
17752983241
17026236845
18884794384
17022229000
18882725543
13236930098
14254128553
17312569337
18779591417
17025143187
17314103143
18772246529
14582028961
17144971378
15615138160
17025143451
17759810198
18018786618
13157244022
18008562911
17027793569
12012213300
17755576308
17025532567
19542788492
16313187101
16468669198
17024107513
18018233446
17243231432
14077322415
17025833172
15625135422
17023574109
13312295199
17026237045
18778059411
15206865187
13603226806
17025534600
17025516271
16465822989
18019231253
19032131074
18008693557
17027818317
19177027929
18642529188
18562959713
17573201591
17757846421
12033189282
14804983496
12092186013
12542123061
17027864810
14847256164
19563410583
17029835926
12149749635
19152604000
17027573386
17027225401
12132044865
19133842471
13212035481
18008755097
16102689506
18559746089
18595923202
17025772216
17025467220
17027818338
15164713200
12019481102
17026088560
17204526477
17026285427
12122233333
17027518633
17753728382
13123405579
17754550218
14345924309
12137691287
17759844136
13173007925
18662691726
17202628006
17023595643
17755576309
13126012615
17028249489
17754190125
14153584862
17027479838
17042881863
18557541042
13608897040
13012746016
17027180426
17028577938
17024251484
17029968303
17014917831
12132935087
14155102466
17025466524
17024873597
12145309061
12148142001
14152753800
17753322077
14803768604
14243025128
17328672870
18009475096
17028262000
18889137654
17029831331
17023233752
17027072468
17025510599
17029633769
14432190785
19037655043
17027573385
13047438823
13125787015
15162069012
17752844300
12082328892
17868523699
16316169370
17022162100
15743099553
12055786126
15184171169
19412182345
17026233791
18009904761
16147544136
17023593382
15302989249
17025147841
17855941390
12053190909
17027518670
15406288912
13232138001
17312566444
17756443157
16312305396
17027073897
17027479835
17023590052
18555522508
17027201533
16193639180
17027818208
19803372453
17026059030
18557898625
18176658325
19177915947
17029786906
18587036421
16828084613
18005155871
13045211001
17028503150
15614304554
17029797808
17276836151
18603336411
16146817064
17208640703
17542121032
17029835906
13139890088
17024470150
19044797002
18622048034
17027269512
18133312414
12014509009
19368737604
17863528084
18667467622
17573204166
16463621030
13104020589
17573204168
15184171697
18773175659
17754043061
18002696612
17026230948
17028477943
13218327626
17345427758
17208337973
12126199999
19726560522
16039132771
18637772311
17027147038
17029641996
12194334509
17028258544
18009156501
12067771088
18008673147
17027060280
18005335125
17027811020
17025143535
17376669030
14014062631
16674013913
17029835925
19163470717
17029835918
17028008332
17029060984
17028743526
18009556600
12096747070
17755738212
17572336821
14582067343
16319734757
17023596298
13124237476
18008388434
17029835923
16195682418
17754641954
13032144003
18669280183
15303929040
13852002242
17023816845
12135038127
17573556494
12035834400
16312234242
18559447105
16177140978
13238874930
12052386057
12817864015
17029786905
12343867006
17025144147
18005213236
17753726480
18552833957
12035189349
17753913102
17029831330
18664084070
17024873846
12404797390
12402248210
17024183056
14152876010
16313182099
19374908910
17026666220
15713195624
16369472321
17753352792
17023574971
17027078248
17758638808
17022996132
17022573800
18664494530
18445053328
18005074275
17023896185
13133555255
12392054843
15039776714
12124659832
17133576438
17022400967
18778542241
17256767889
19542894596
12815450425
14704265793
17754043055
15612833474
17027818721
18008976877
17026338015
17027994433
17752041525
12024369793
17025344314
18326487302
13109551429
17025833005
17023593372
16092255799
17027817001
17023894786
16158468410
13059286358
14696088899
17579522646
17024795691
14077322414
12817100077
18552677451
18004838314
17024731643
12182039352
12077385788
18025031357
12627049780
17026759534
17026904611
15164536886
17207992995
19803372456
17029786016
17022242652
17028747784
13125787017
17027932255
17026885014
17029633002
17754190445
13104050694
17023233769
16572307532
18002519080
17867014001
19152888519
17026710319
17029398300
17025772906
13072489934
18173588000
18005115750
17753848176
17029839633
13236096006
14253053030
17027518629
16039574026
15203509366
17028743157
16173184014
12092415942
17022996049
13079200621
17027072511
15862000157
19144993484
17029835907
12053796018
18663416530
17023579873
13058098875
17276836148
14143125159
16208600783
12692249029
14153639604
17028008927
18663982089
17022917102
18008808282
17028952826
18006440864
17027518632
17029831328
16309148915
18433141973
12098904247
14074952433
17312569338
19546012600
18447766275
17023593286
17025467443
17029835924
14433440348
18665672295
17029977682
17028151700
17579461156
18592923796
18775700050
12144005051
13523607875
18443647889
17027932202
17029705818
16673089519
17755576331
18032173808
16232098661
16154324311
14842439048
17754737915
19513795048
15304513750
17028293193
13394995782
17028309793
12133750923
19142153196
15053587653
17027202380
17024254850
17023580821
16023881938
17028258543
17023590187
17029014410
14016489484
17027180418
16827038279
17028544328
16033109904
17572043366
18133109278
17866001318
17024874226
15137250858
15862000166
19734047974
17023894782
16617480240
17027202271
17023816843
19545058436
14073586498
17026083597
18014107837
19143267025
19127120298
17756713037
17755576330
13103596126
12812031077
12242427011
12089080901
17025290901
15204482368
18882568713
17329030837
17403400058
13073167521
17199820000
17026338016
17027490475
17753728051
17123010667
13362247575
14142325011
12132231260
16092790220
14042913134
17029221833
18032397330
19499302888
18008888804
18772445718
18003634991
18003182596
18008519631
